{
 "cells": [
  {
   "cell_type": "code",
   "execution_count": 1,
   "metadata": {},
   "outputs": [],
   "source": [
    "import pandas as pd\n",
    "import numpy as np\n",
    "import seaborn as sns"
   ]
  },
  {
   "cell_type": "markdown",
   "metadata": {},
   "source": [
    "Read the dataset and understand the features and target variable."
   ]
  },
  {
   "cell_type": "code",
   "execution_count": 2,
   "metadata": {},
   "outputs": [],
   "source": [
    "colnam=['IR','MR','FF','CRED','COMP','OR','CLASS']"
   ]
  },
  {
   "cell_type": "markdown",
   "metadata": {},
   "source": [
    "The column names denoted as:\n",
    "\n",
    "1. Industrial Risk: IR\n",
    "2. Management Risk: MR\n",
    "3. Financial Flexibility: FF\n",
    "4. Credibility: CRED\n",
    "5. Competitiveness: COMP\n",
    "6. Operating Risk: OR\n",
    "7. Class: CLASS"
   ]
  },
  {
   "cell_type": "code",
   "execution_count": 3,
   "metadata": {},
   "outputs": [],
   "source": [
    "bankrup=pd.read_csv(r\"C:\\Users\\Admin\\Desktop\\Python\\Unsupervised Project Jan 2020\\Qualitative_Bankruptcy.data.txt\",names=colnam)"
   ]
  },
  {
   "cell_type": "code",
   "execution_count": 4,
   "metadata": {},
   "outputs": [
    {
     "data": {
      "text/plain": [
       "(250, 7)"
      ]
     },
     "execution_count": 4,
     "metadata": {},
     "output_type": "execute_result"
    }
   ],
   "source": [
    "bankrup.shape"
   ]
  },
  {
   "cell_type": "code",
   "execution_count": 5,
   "metadata": {},
   "outputs": [
    {
     "data": {
      "text/html": [
       "<div>\n",
       "<style scoped>\n",
       "    .dataframe tbody tr th:only-of-type {\n",
       "        vertical-align: middle;\n",
       "    }\n",
       "\n",
       "    .dataframe tbody tr th {\n",
       "        vertical-align: top;\n",
       "    }\n",
       "\n",
       "    .dataframe thead th {\n",
       "        text-align: right;\n",
       "    }\n",
       "</style>\n",
       "<table border=\"1\" class=\"dataframe\">\n",
       "  <thead>\n",
       "    <tr style=\"text-align: right;\">\n",
       "      <th></th>\n",
       "      <th>IR</th>\n",
       "      <th>MR</th>\n",
       "      <th>FF</th>\n",
       "      <th>CRED</th>\n",
       "      <th>COMP</th>\n",
       "      <th>OR</th>\n",
       "      <th>CLASS</th>\n",
       "    </tr>\n",
       "  </thead>\n",
       "  <tbody>\n",
       "    <tr>\n",
       "      <th>0</th>\n",
       "      <td>P</td>\n",
       "      <td>P</td>\n",
       "      <td>A</td>\n",
       "      <td>A</td>\n",
       "      <td>A</td>\n",
       "      <td>P</td>\n",
       "      <td>NB</td>\n",
       "    </tr>\n",
       "    <tr>\n",
       "      <th>1</th>\n",
       "      <td>N</td>\n",
       "      <td>N</td>\n",
       "      <td>A</td>\n",
       "      <td>A</td>\n",
       "      <td>A</td>\n",
       "      <td>N</td>\n",
       "      <td>NB</td>\n",
       "    </tr>\n",
       "    <tr>\n",
       "      <th>2</th>\n",
       "      <td>A</td>\n",
       "      <td>A</td>\n",
       "      <td>A</td>\n",
       "      <td>A</td>\n",
       "      <td>A</td>\n",
       "      <td>A</td>\n",
       "      <td>NB</td>\n",
       "    </tr>\n",
       "    <tr>\n",
       "      <th>3</th>\n",
       "      <td>P</td>\n",
       "      <td>P</td>\n",
       "      <td>P</td>\n",
       "      <td>P</td>\n",
       "      <td>P</td>\n",
       "      <td>P</td>\n",
       "      <td>NB</td>\n",
       "    </tr>\n",
       "    <tr>\n",
       "      <th>4</th>\n",
       "      <td>N</td>\n",
       "      <td>N</td>\n",
       "      <td>P</td>\n",
       "      <td>P</td>\n",
       "      <td>P</td>\n",
       "      <td>N</td>\n",
       "      <td>NB</td>\n",
       "    </tr>\n",
       "  </tbody>\n",
       "</table>\n",
       "</div>"
      ],
      "text/plain": [
       "  IR MR FF CRED COMP OR CLASS\n",
       "0  P  P  A    A    A  P    NB\n",
       "1  N  N  A    A    A  N    NB\n",
       "2  A  A  A    A    A  A    NB\n",
       "3  P  P  P    P    P  P    NB\n",
       "4  N  N  P    P    P  N    NB"
      ]
     },
     "execution_count": 5,
     "metadata": {},
     "output_type": "execute_result"
    }
   ],
   "source": [
    "bankrup.head(5)"
   ]
  },
  {
   "cell_type": "code",
   "execution_count": 6,
   "metadata": {},
   "outputs": [
    {
     "name": "stdout",
     "output_type": "stream",
     "text": [
      "<class 'pandas.core.frame.DataFrame'>\n",
      "RangeIndex: 250 entries, 0 to 249\n",
      "Data columns (total 7 columns):\n",
      "IR       250 non-null object\n",
      "MR       250 non-null object\n",
      "FF       250 non-null object\n",
      "CRED     250 non-null object\n",
      "COMP     250 non-null object\n",
      "OR       250 non-null object\n",
      "CLASS    250 non-null object\n",
      "dtypes: object(7)\n",
      "memory usage: 13.8+ KB\n"
     ]
    }
   ],
   "source": [
    "bankrup.info()"
   ]
  },
  {
   "cell_type": "code",
   "execution_count": 7,
   "metadata": {},
   "outputs": [
    {
     "data": {
      "text/plain": [
       "N    89\n",
       "A    81\n",
       "P    80\n",
       "Name: IR, dtype: int64"
      ]
     },
     "execution_count": 7,
     "metadata": {},
     "output_type": "execute_result"
    }
   ],
   "source": [
    "bankrup[\"IR\"].value_counts()"
   ]
  },
  {
   "cell_type": "code",
   "execution_count": 8,
   "metadata": {},
   "outputs": [
    {
     "data": {
      "text/plain": [
       "N    119\n",
       "A     69\n",
       "P     62\n",
       "Name: MR, dtype: int64"
      ]
     },
     "execution_count": 8,
     "metadata": {},
     "output_type": "execute_result"
    }
   ],
   "source": [
    "bankrup[\"MR\"].value_counts()"
   ]
  },
  {
   "cell_type": "code",
   "execution_count": 9,
   "metadata": {},
   "outputs": [
    {
     "data": {
      "text/plain": [
       "N    119\n",
       "A     74\n",
       "P     57\n",
       "Name: FF, dtype: int64"
      ]
     },
     "execution_count": 9,
     "metadata": {},
     "output_type": "execute_result"
    }
   ],
   "source": [
    "bankrup[\"FF\"].value_counts()"
   ]
  },
  {
   "cell_type": "code",
   "execution_count": 10,
   "metadata": {},
   "outputs": [
    {
     "data": {
      "text/plain": [
       "N    94\n",
       "P    79\n",
       "A    77\n",
       "Name: CRED, dtype: int64"
      ]
     },
     "execution_count": 10,
     "metadata": {},
     "output_type": "execute_result"
    }
   ],
   "source": [
    "bankrup[\"CRED\"].value_counts()"
   ]
  },
  {
   "cell_type": "code",
   "execution_count": 11,
   "metadata": {},
   "outputs": [
    {
     "data": {
      "text/plain": [
       "N    103\n",
       "P     91\n",
       "A     56\n",
       "Name: COMP, dtype: int64"
      ]
     },
     "execution_count": 11,
     "metadata": {},
     "output_type": "execute_result"
    }
   ],
   "source": [
    "bankrup[\"COMP\"].value_counts()"
   ]
  },
  {
   "cell_type": "code",
   "execution_count": 12,
   "metadata": {},
   "outputs": [
    {
     "data": {
      "text/plain": [
       "N    114\n",
       "P     79\n",
       "A     57\n",
       "Name: OR, dtype: int64"
      ]
     },
     "execution_count": 12,
     "metadata": {},
     "output_type": "execute_result"
    }
   ],
   "source": [
    "bankrup[\"OR\"].value_counts()"
   ]
  },
  {
   "cell_type": "code",
   "execution_count": 13,
   "metadata": {},
   "outputs": [
    {
     "data": {
      "text/plain": [
       "NB    143\n",
       "B     107\n",
       "Name: CLASS, dtype: int64"
      ]
     },
     "execution_count": 13,
     "metadata": {},
     "output_type": "execute_result"
    }
   ],
   "source": [
    "bankrup[\"CLASS\"].value_counts()"
   ]
  },
  {
   "cell_type": "code",
   "execution_count": 14,
   "metadata": {},
   "outputs": [
    {
     "data": {
      "text/plain": [
       "IR       0\n",
       "MR       0\n",
       "FF       0\n",
       "CRED     0\n",
       "COMP     0\n",
       "OR       0\n",
       "CLASS    0\n",
       "dtype: int64"
      ]
     },
     "execution_count": 14,
     "metadata": {},
     "output_type": "execute_result"
    }
   ],
   "source": [
    "bankrup.isnull().sum()"
   ]
  },
  {
   "cell_type": "code",
   "execution_count": 15,
   "metadata": {},
   "outputs": [],
   "source": [
    "bankrup_dummy=pd.get_dummies(data=bankrup,columns=[\"IR\",\"MR\",\"FF\",\"CRED\",\"COMP\",\"OR\"])"
   ]
  },
  {
   "cell_type": "code",
   "execution_count": 16,
   "metadata": {},
   "outputs": [
    {
     "name": "stdout",
     "output_type": "stream",
     "text": [
      "<class 'pandas.core.frame.DataFrame'>\n",
      "RangeIndex: 250 entries, 0 to 249\n",
      "Data columns (total 19 columns):\n",
      "CLASS     250 non-null object\n",
      "IR_A      250 non-null uint8\n",
      "IR_N      250 non-null uint8\n",
      "IR_P      250 non-null uint8\n",
      "MR_A      250 non-null uint8\n",
      "MR_N      250 non-null uint8\n",
      "MR_P      250 non-null uint8\n",
      "FF_A      250 non-null uint8\n",
      "FF_N      250 non-null uint8\n",
      "FF_P      250 non-null uint8\n",
      "CRED_A    250 non-null uint8\n",
      "CRED_N    250 non-null uint8\n",
      "CRED_P    250 non-null uint8\n",
      "COMP_A    250 non-null uint8\n",
      "COMP_N    250 non-null uint8\n",
      "COMP_P    250 non-null uint8\n",
      "OR_A      250 non-null uint8\n",
      "OR_N      250 non-null uint8\n",
      "OR_P      250 non-null uint8\n",
      "dtypes: object(1), uint8(18)\n",
      "memory usage: 6.4+ KB\n"
     ]
    }
   ],
   "source": [
    "bankrup_dummy.info()"
   ]
  },
  {
   "cell_type": "code",
   "execution_count": 17,
   "metadata": {},
   "outputs": [
    {
     "data": {
      "text/plain": [
       "(250, 19)"
      ]
     },
     "execution_count": 17,
     "metadata": {},
     "output_type": "execute_result"
    }
   ],
   "source": [
    "bankrup_dummy.shape"
   ]
  },
  {
   "cell_type": "code",
   "execution_count": 18,
   "metadata": {},
   "outputs": [
    {
     "data": {
      "text/html": [
       "<div>\n",
       "<style scoped>\n",
       "    .dataframe tbody tr th:only-of-type {\n",
       "        vertical-align: middle;\n",
       "    }\n",
       "\n",
       "    .dataframe tbody tr th {\n",
       "        vertical-align: top;\n",
       "    }\n",
       "\n",
       "    .dataframe thead th {\n",
       "        text-align: right;\n",
       "    }\n",
       "</style>\n",
       "<table border=\"1\" class=\"dataframe\">\n",
       "  <thead>\n",
       "    <tr style=\"text-align: right;\">\n",
       "      <th></th>\n",
       "      <th>CLASS</th>\n",
       "      <th>IR_A</th>\n",
       "      <th>IR_N</th>\n",
       "      <th>IR_P</th>\n",
       "      <th>MR_A</th>\n",
       "      <th>MR_N</th>\n",
       "      <th>MR_P</th>\n",
       "      <th>FF_A</th>\n",
       "      <th>FF_N</th>\n",
       "      <th>FF_P</th>\n",
       "      <th>CRED_A</th>\n",
       "      <th>CRED_N</th>\n",
       "      <th>CRED_P</th>\n",
       "      <th>COMP_A</th>\n",
       "      <th>COMP_N</th>\n",
       "      <th>COMP_P</th>\n",
       "      <th>OR_A</th>\n",
       "      <th>OR_N</th>\n",
       "      <th>OR_P</th>\n",
       "    </tr>\n",
       "  </thead>\n",
       "  <tbody>\n",
       "    <tr>\n",
       "      <th>0</th>\n",
       "      <td>NB</td>\n",
       "      <td>0</td>\n",
       "      <td>0</td>\n",
       "      <td>1</td>\n",
       "      <td>0</td>\n",
       "      <td>0</td>\n",
       "      <td>1</td>\n",
       "      <td>1</td>\n",
       "      <td>0</td>\n",
       "      <td>0</td>\n",
       "      <td>1</td>\n",
       "      <td>0</td>\n",
       "      <td>0</td>\n",
       "      <td>1</td>\n",
       "      <td>0</td>\n",
       "      <td>0</td>\n",
       "      <td>0</td>\n",
       "      <td>0</td>\n",
       "      <td>1</td>\n",
       "    </tr>\n",
       "    <tr>\n",
       "      <th>1</th>\n",
       "      <td>NB</td>\n",
       "      <td>0</td>\n",
       "      <td>1</td>\n",
       "      <td>0</td>\n",
       "      <td>0</td>\n",
       "      <td>1</td>\n",
       "      <td>0</td>\n",
       "      <td>1</td>\n",
       "      <td>0</td>\n",
       "      <td>0</td>\n",
       "      <td>1</td>\n",
       "      <td>0</td>\n",
       "      <td>0</td>\n",
       "      <td>1</td>\n",
       "      <td>0</td>\n",
       "      <td>0</td>\n",
       "      <td>0</td>\n",
       "      <td>1</td>\n",
       "      <td>0</td>\n",
       "    </tr>\n",
       "    <tr>\n",
       "      <th>2</th>\n",
       "      <td>NB</td>\n",
       "      <td>1</td>\n",
       "      <td>0</td>\n",
       "      <td>0</td>\n",
       "      <td>1</td>\n",
       "      <td>0</td>\n",
       "      <td>0</td>\n",
       "      <td>1</td>\n",
       "      <td>0</td>\n",
       "      <td>0</td>\n",
       "      <td>1</td>\n",
       "      <td>0</td>\n",
       "      <td>0</td>\n",
       "      <td>1</td>\n",
       "      <td>0</td>\n",
       "      <td>0</td>\n",
       "      <td>1</td>\n",
       "      <td>0</td>\n",
       "      <td>0</td>\n",
       "    </tr>\n",
       "    <tr>\n",
       "      <th>3</th>\n",
       "      <td>NB</td>\n",
       "      <td>0</td>\n",
       "      <td>0</td>\n",
       "      <td>1</td>\n",
       "      <td>0</td>\n",
       "      <td>0</td>\n",
       "      <td>1</td>\n",
       "      <td>0</td>\n",
       "      <td>0</td>\n",
       "      <td>1</td>\n",
       "      <td>0</td>\n",
       "      <td>0</td>\n",
       "      <td>1</td>\n",
       "      <td>0</td>\n",
       "      <td>0</td>\n",
       "      <td>1</td>\n",
       "      <td>0</td>\n",
       "      <td>0</td>\n",
       "      <td>1</td>\n",
       "    </tr>\n",
       "    <tr>\n",
       "      <th>4</th>\n",
       "      <td>NB</td>\n",
       "      <td>0</td>\n",
       "      <td>1</td>\n",
       "      <td>0</td>\n",
       "      <td>0</td>\n",
       "      <td>1</td>\n",
       "      <td>0</td>\n",
       "      <td>0</td>\n",
       "      <td>0</td>\n",
       "      <td>1</td>\n",
       "      <td>0</td>\n",
       "      <td>0</td>\n",
       "      <td>1</td>\n",
       "      <td>0</td>\n",
       "      <td>0</td>\n",
       "      <td>1</td>\n",
       "      <td>0</td>\n",
       "      <td>1</td>\n",
       "      <td>0</td>\n",
       "    </tr>\n",
       "  </tbody>\n",
       "</table>\n",
       "</div>"
      ],
      "text/plain": [
       "  CLASS  IR_A  IR_N  IR_P  MR_A  MR_N  MR_P  FF_A  FF_N  FF_P  CRED_A  CRED_N  \\\n",
       "0    NB     0     0     1     0     0     1     1     0     0       1       0   \n",
       "1    NB     0     1     0     0     1     0     1     0     0       1       0   \n",
       "2    NB     1     0     0     1     0     0     1     0     0       1       0   \n",
       "3    NB     0     0     1     0     0     1     0     0     1       0       0   \n",
       "4    NB     0     1     0     0     1     0     0     0     1       0       0   \n",
       "\n",
       "   CRED_P  COMP_A  COMP_N  COMP_P  OR_A  OR_N  OR_P  \n",
       "0       0       1       0       0     0     0     1  \n",
       "1       0       1       0       0     0     1     0  \n",
       "2       0       1       0       0     1     0     0  \n",
       "3       1       0       0       1     0     0     1  \n",
       "4       1       0       0       1     0     1     0  "
      ]
     },
     "execution_count": 18,
     "metadata": {},
     "output_type": "execute_result"
    }
   ],
   "source": [
    "bankrup_dummy.head()"
   ]
  },
  {
   "cell_type": "code",
   "execution_count": 19,
   "metadata": {},
   "outputs": [
    {
     "data": {
      "text/plain": [
       "NB    143\n",
       "B     107\n",
       "Name: CLASS, dtype: int64"
      ]
     },
     "execution_count": 19,
     "metadata": {},
     "output_type": "execute_result"
    }
   ],
   "source": [
    "bankrup_dummy[\"CLASS\"].value_counts()"
   ]
  },
  {
   "cell_type": "code",
   "execution_count": 20,
   "metadata": {},
   "outputs": [],
   "source": [
    "x=bankrup_dummy.drop([\"CLASS\"],axis=1)"
   ]
  },
  {
   "cell_type": "code",
   "execution_count": 21,
   "metadata": {},
   "outputs": [
    {
     "data": {
      "text/plain": [
       "(250, 18)"
      ]
     },
     "execution_count": 21,
     "metadata": {},
     "output_type": "execute_result"
    }
   ],
   "source": [
    "x.shape"
   ]
  },
  {
   "cell_type": "code",
   "execution_count": 22,
   "metadata": {},
   "outputs": [
    {
     "data": {
      "text/html": [
       "<div>\n",
       "<style scoped>\n",
       "    .dataframe tbody tr th:only-of-type {\n",
       "        vertical-align: middle;\n",
       "    }\n",
       "\n",
       "    .dataframe tbody tr th {\n",
       "        vertical-align: top;\n",
       "    }\n",
       "\n",
       "    .dataframe thead th {\n",
       "        text-align: right;\n",
       "    }\n",
       "</style>\n",
       "<table border=\"1\" class=\"dataframe\">\n",
       "  <thead>\n",
       "    <tr style=\"text-align: right;\">\n",
       "      <th></th>\n",
       "      <th>IR_A</th>\n",
       "      <th>IR_N</th>\n",
       "      <th>IR_P</th>\n",
       "      <th>MR_A</th>\n",
       "      <th>MR_N</th>\n",
       "      <th>MR_P</th>\n",
       "      <th>FF_A</th>\n",
       "      <th>FF_N</th>\n",
       "      <th>FF_P</th>\n",
       "      <th>CRED_A</th>\n",
       "      <th>CRED_N</th>\n",
       "      <th>CRED_P</th>\n",
       "      <th>COMP_A</th>\n",
       "      <th>COMP_N</th>\n",
       "      <th>COMP_P</th>\n",
       "      <th>OR_A</th>\n",
       "      <th>OR_N</th>\n",
       "      <th>OR_P</th>\n",
       "    </tr>\n",
       "  </thead>\n",
       "  <tbody>\n",
       "    <tr>\n",
       "      <th>0</th>\n",
       "      <td>0</td>\n",
       "      <td>0</td>\n",
       "      <td>1</td>\n",
       "      <td>0</td>\n",
       "      <td>0</td>\n",
       "      <td>1</td>\n",
       "      <td>1</td>\n",
       "      <td>0</td>\n",
       "      <td>0</td>\n",
       "      <td>1</td>\n",
       "      <td>0</td>\n",
       "      <td>0</td>\n",
       "      <td>1</td>\n",
       "      <td>0</td>\n",
       "      <td>0</td>\n",
       "      <td>0</td>\n",
       "      <td>0</td>\n",
       "      <td>1</td>\n",
       "    </tr>\n",
       "    <tr>\n",
       "      <th>1</th>\n",
       "      <td>0</td>\n",
       "      <td>1</td>\n",
       "      <td>0</td>\n",
       "      <td>0</td>\n",
       "      <td>1</td>\n",
       "      <td>0</td>\n",
       "      <td>1</td>\n",
       "      <td>0</td>\n",
       "      <td>0</td>\n",
       "      <td>1</td>\n",
       "      <td>0</td>\n",
       "      <td>0</td>\n",
       "      <td>1</td>\n",
       "      <td>0</td>\n",
       "      <td>0</td>\n",
       "      <td>0</td>\n",
       "      <td>1</td>\n",
       "      <td>0</td>\n",
       "    </tr>\n",
       "    <tr>\n",
       "      <th>2</th>\n",
       "      <td>1</td>\n",
       "      <td>0</td>\n",
       "      <td>0</td>\n",
       "      <td>1</td>\n",
       "      <td>0</td>\n",
       "      <td>0</td>\n",
       "      <td>1</td>\n",
       "      <td>0</td>\n",
       "      <td>0</td>\n",
       "      <td>1</td>\n",
       "      <td>0</td>\n",
       "      <td>0</td>\n",
       "      <td>1</td>\n",
       "      <td>0</td>\n",
       "      <td>0</td>\n",
       "      <td>1</td>\n",
       "      <td>0</td>\n",
       "      <td>0</td>\n",
       "    </tr>\n",
       "    <tr>\n",
       "      <th>3</th>\n",
       "      <td>0</td>\n",
       "      <td>0</td>\n",
       "      <td>1</td>\n",
       "      <td>0</td>\n",
       "      <td>0</td>\n",
       "      <td>1</td>\n",
       "      <td>0</td>\n",
       "      <td>0</td>\n",
       "      <td>1</td>\n",
       "      <td>0</td>\n",
       "      <td>0</td>\n",
       "      <td>1</td>\n",
       "      <td>0</td>\n",
       "      <td>0</td>\n",
       "      <td>1</td>\n",
       "      <td>0</td>\n",
       "      <td>0</td>\n",
       "      <td>1</td>\n",
       "    </tr>\n",
       "    <tr>\n",
       "      <th>4</th>\n",
       "      <td>0</td>\n",
       "      <td>1</td>\n",
       "      <td>0</td>\n",
       "      <td>0</td>\n",
       "      <td>1</td>\n",
       "      <td>0</td>\n",
       "      <td>0</td>\n",
       "      <td>0</td>\n",
       "      <td>1</td>\n",
       "      <td>0</td>\n",
       "      <td>0</td>\n",
       "      <td>1</td>\n",
       "      <td>0</td>\n",
       "      <td>0</td>\n",
       "      <td>1</td>\n",
       "      <td>0</td>\n",
       "      <td>1</td>\n",
       "      <td>0</td>\n",
       "    </tr>\n",
       "  </tbody>\n",
       "</table>\n",
       "</div>"
      ],
      "text/plain": [
       "   IR_A  IR_N  IR_P  MR_A  MR_N  MR_P  FF_A  FF_N  FF_P  CRED_A  CRED_N  \\\n",
       "0     0     0     1     0     0     1     1     0     0       1       0   \n",
       "1     0     1     0     0     1     0     1     0     0       1       0   \n",
       "2     1     0     0     1     0     0     1     0     0       1       0   \n",
       "3     0     0     1     0     0     1     0     0     1       0       0   \n",
       "4     0     1     0     0     1     0     0     0     1       0       0   \n",
       "\n",
       "   CRED_P  COMP_A  COMP_N  COMP_P  OR_A  OR_N  OR_P  \n",
       "0       0       1       0       0     0     0     1  \n",
       "1       0       1       0       0     0     1     0  \n",
       "2       0       1       0       0     1     0     0  \n",
       "3       1       0       0       1     0     0     1  \n",
       "4       1       0       0       1     0     1     0  "
      ]
     },
     "execution_count": 22,
     "metadata": {},
     "output_type": "execute_result"
    }
   ],
   "source": [
    "x.head()"
   ]
  },
  {
   "cell_type": "code",
   "execution_count": 23,
   "metadata": {},
   "outputs": [],
   "source": [
    "y=bankrup_dummy[\"CLASS\"]"
   ]
  },
  {
   "cell_type": "code",
   "execution_count": 24,
   "metadata": {},
   "outputs": [
    {
     "data": {
      "text/plain": [
       "0    NB\n",
       "1    NB\n",
       "2    NB\n",
       "3    NB\n",
       "4    NB\n",
       "Name: CLASS, dtype: object"
      ]
     },
     "execution_count": 24,
     "metadata": {},
     "output_type": "execute_result"
    }
   ],
   "source": [
    "y.head()"
   ]
  },
  {
   "cell_type": "code",
   "execution_count": 25,
   "metadata": {},
   "outputs": [],
   "source": [
    "from sklearn.model_selection import train_test_split"
   ]
  },
  {
   "cell_type": "code",
   "execution_count": 26,
   "metadata": {},
   "outputs": [],
   "source": [
    "X_train, X_test, y_train, y_test = train_test_split(x, y, test_size=0.2, random_state=6)"
   ]
  },
  {
   "cell_type": "code",
   "execution_count": 27,
   "metadata": {},
   "outputs": [
    {
     "data": {
      "text/html": [
       "<div>\n",
       "<style scoped>\n",
       "    .dataframe tbody tr th:only-of-type {\n",
       "        vertical-align: middle;\n",
       "    }\n",
       "\n",
       "    .dataframe tbody tr th {\n",
       "        vertical-align: top;\n",
       "    }\n",
       "\n",
       "    .dataframe thead th {\n",
       "        text-align: right;\n",
       "    }\n",
       "</style>\n",
       "<table border=\"1\" class=\"dataframe\">\n",
       "  <thead>\n",
       "    <tr style=\"text-align: right;\">\n",
       "      <th></th>\n",
       "      <th>IR_A</th>\n",
       "      <th>IR_N</th>\n",
       "      <th>IR_P</th>\n",
       "      <th>MR_A</th>\n",
       "      <th>MR_N</th>\n",
       "      <th>MR_P</th>\n",
       "      <th>FF_A</th>\n",
       "      <th>FF_N</th>\n",
       "      <th>FF_P</th>\n",
       "      <th>CRED_A</th>\n",
       "      <th>CRED_N</th>\n",
       "      <th>CRED_P</th>\n",
       "      <th>COMP_A</th>\n",
       "      <th>COMP_N</th>\n",
       "      <th>COMP_P</th>\n",
       "      <th>OR_A</th>\n",
       "      <th>OR_N</th>\n",
       "      <th>OR_P</th>\n",
       "    </tr>\n",
       "  </thead>\n",
       "  <tbody>\n",
       "    <tr>\n",
       "      <th>152</th>\n",
       "      <td>0</td>\n",
       "      <td>1</td>\n",
       "      <td>0</td>\n",
       "      <td>0</td>\n",
       "      <td>1</td>\n",
       "      <td>0</td>\n",
       "      <td>0</td>\n",
       "      <td>1</td>\n",
       "      <td>0</td>\n",
       "      <td>1</td>\n",
       "      <td>0</td>\n",
       "      <td>0</td>\n",
       "      <td>0</td>\n",
       "      <td>1</td>\n",
       "      <td>0</td>\n",
       "      <td>0</td>\n",
       "      <td>1</td>\n",
       "      <td>0</td>\n",
       "    </tr>\n",
       "    <tr>\n",
       "      <th>4</th>\n",
       "      <td>0</td>\n",
       "      <td>1</td>\n",
       "      <td>0</td>\n",
       "      <td>0</td>\n",
       "      <td>1</td>\n",
       "      <td>0</td>\n",
       "      <td>0</td>\n",
       "      <td>0</td>\n",
       "      <td>1</td>\n",
       "      <td>0</td>\n",
       "      <td>0</td>\n",
       "      <td>1</td>\n",
       "      <td>0</td>\n",
       "      <td>0</td>\n",
       "      <td>1</td>\n",
       "      <td>0</td>\n",
       "      <td>1</td>\n",
       "      <td>0</td>\n",
       "    </tr>\n",
       "    <tr>\n",
       "      <th>175</th>\n",
       "      <td>0</td>\n",
       "      <td>1</td>\n",
       "      <td>0</td>\n",
       "      <td>1</td>\n",
       "      <td>0</td>\n",
       "      <td>0</td>\n",
       "      <td>0</td>\n",
       "      <td>1</td>\n",
       "      <td>0</td>\n",
       "      <td>0</td>\n",
       "      <td>1</td>\n",
       "      <td>0</td>\n",
       "      <td>0</td>\n",
       "      <td>1</td>\n",
       "      <td>0</td>\n",
       "      <td>0</td>\n",
       "      <td>1</td>\n",
       "      <td>0</td>\n",
       "    </tr>\n",
       "    <tr>\n",
       "      <th>191</th>\n",
       "      <td>0</td>\n",
       "      <td>0</td>\n",
       "      <td>1</td>\n",
       "      <td>0</td>\n",
       "      <td>1</td>\n",
       "      <td>0</td>\n",
       "      <td>0</td>\n",
       "      <td>1</td>\n",
       "      <td>0</td>\n",
       "      <td>0</td>\n",
       "      <td>1</td>\n",
       "      <td>0</td>\n",
       "      <td>1</td>\n",
       "      <td>0</td>\n",
       "      <td>0</td>\n",
       "      <td>1</td>\n",
       "      <td>0</td>\n",
       "      <td>0</td>\n",
       "    </tr>\n",
       "    <tr>\n",
       "      <th>122</th>\n",
       "      <td>0</td>\n",
       "      <td>1</td>\n",
       "      <td>0</td>\n",
       "      <td>0</td>\n",
       "      <td>1</td>\n",
       "      <td>0</td>\n",
       "      <td>1</td>\n",
       "      <td>0</td>\n",
       "      <td>0</td>\n",
       "      <td>0</td>\n",
       "      <td>0</td>\n",
       "      <td>1</td>\n",
       "      <td>1</td>\n",
       "      <td>0</td>\n",
       "      <td>0</td>\n",
       "      <td>0</td>\n",
       "      <td>1</td>\n",
       "      <td>0</td>\n",
       "    </tr>\n",
       "  </tbody>\n",
       "</table>\n",
       "</div>"
      ],
      "text/plain": [
       "     IR_A  IR_N  IR_P  MR_A  MR_N  MR_P  FF_A  FF_N  FF_P  CRED_A  CRED_N  \\\n",
       "152     0     1     0     0     1     0     0     1     0       1       0   \n",
       "4       0     1     0     0     1     0     0     0     1       0       0   \n",
       "175     0     1     0     1     0     0     0     1     0       0       1   \n",
       "191     0     0     1     0     1     0     0     1     0       0       1   \n",
       "122     0     1     0     0     1     0     1     0     0       0       0   \n",
       "\n",
       "     CRED_P  COMP_A  COMP_N  COMP_P  OR_A  OR_N  OR_P  \n",
       "152       0       0       1       0     0     1     0  \n",
       "4         1       0       0       1     0     1     0  \n",
       "175       0       0       1       0     0     1     0  \n",
       "191       0       1       0       0     1     0     0  \n",
       "122       1       1       0       0     0     1     0  "
      ]
     },
     "execution_count": 27,
     "metadata": {},
     "output_type": "execute_result"
    }
   ],
   "source": [
    "X_train.head()"
   ]
  },
  {
   "cell_type": "code",
   "execution_count": 28,
   "metadata": {},
   "outputs": [
    {
     "data": {
      "text/html": [
       "<div>\n",
       "<style scoped>\n",
       "    .dataframe tbody tr th:only-of-type {\n",
       "        vertical-align: middle;\n",
       "    }\n",
       "\n",
       "    .dataframe tbody tr th {\n",
       "        vertical-align: top;\n",
       "    }\n",
       "\n",
       "    .dataframe thead th {\n",
       "        text-align: right;\n",
       "    }\n",
       "</style>\n",
       "<table border=\"1\" class=\"dataframe\">\n",
       "  <thead>\n",
       "    <tr style=\"text-align: right;\">\n",
       "      <th></th>\n",
       "      <th>IR_A</th>\n",
       "      <th>IR_N</th>\n",
       "      <th>IR_P</th>\n",
       "      <th>MR_A</th>\n",
       "      <th>MR_N</th>\n",
       "      <th>MR_P</th>\n",
       "      <th>FF_A</th>\n",
       "      <th>FF_N</th>\n",
       "      <th>FF_P</th>\n",
       "      <th>CRED_A</th>\n",
       "      <th>CRED_N</th>\n",
       "      <th>CRED_P</th>\n",
       "      <th>COMP_A</th>\n",
       "      <th>COMP_N</th>\n",
       "      <th>COMP_P</th>\n",
       "      <th>OR_A</th>\n",
       "      <th>OR_N</th>\n",
       "      <th>OR_P</th>\n",
       "    </tr>\n",
       "  </thead>\n",
       "  <tbody>\n",
       "    <tr>\n",
       "      <th>53</th>\n",
       "      <td>1</td>\n",
       "      <td>0</td>\n",
       "      <td>0</td>\n",
       "      <td>0</td>\n",
       "      <td>1</td>\n",
       "      <td>0</td>\n",
       "      <td>1</td>\n",
       "      <td>0</td>\n",
       "      <td>0</td>\n",
       "      <td>1</td>\n",
       "      <td>0</td>\n",
       "      <td>0</td>\n",
       "      <td>0</td>\n",
       "      <td>0</td>\n",
       "      <td>1</td>\n",
       "      <td>1</td>\n",
       "      <td>0</td>\n",
       "      <td>0</td>\n",
       "    </tr>\n",
       "    <tr>\n",
       "      <th>113</th>\n",
       "      <td>1</td>\n",
       "      <td>0</td>\n",
       "      <td>0</td>\n",
       "      <td>1</td>\n",
       "      <td>0</td>\n",
       "      <td>0</td>\n",
       "      <td>0</td>\n",
       "      <td>0</td>\n",
       "      <td>1</td>\n",
       "      <td>0</td>\n",
       "      <td>0</td>\n",
       "      <td>1</td>\n",
       "      <td>0</td>\n",
       "      <td>0</td>\n",
       "      <td>1</td>\n",
       "      <td>1</td>\n",
       "      <td>0</td>\n",
       "      <td>0</td>\n",
       "    </tr>\n",
       "    <tr>\n",
       "      <th>165</th>\n",
       "      <td>0</td>\n",
       "      <td>0</td>\n",
       "      <td>1</td>\n",
       "      <td>0</td>\n",
       "      <td>1</td>\n",
       "      <td>0</td>\n",
       "      <td>0</td>\n",
       "      <td>1</td>\n",
       "      <td>0</td>\n",
       "      <td>0</td>\n",
       "      <td>1</td>\n",
       "      <td>0</td>\n",
       "      <td>0</td>\n",
       "      <td>1</td>\n",
       "      <td>0</td>\n",
       "      <td>0</td>\n",
       "      <td>1</td>\n",
       "      <td>0</td>\n",
       "    </tr>\n",
       "    <tr>\n",
       "      <th>169</th>\n",
       "      <td>1</td>\n",
       "      <td>0</td>\n",
       "      <td>0</td>\n",
       "      <td>1</td>\n",
       "      <td>0</td>\n",
       "      <td>0</td>\n",
       "      <td>0</td>\n",
       "      <td>1</td>\n",
       "      <td>0</td>\n",
       "      <td>0</td>\n",
       "      <td>1</td>\n",
       "      <td>0</td>\n",
       "      <td>0</td>\n",
       "      <td>1</td>\n",
       "      <td>0</td>\n",
       "      <td>0</td>\n",
       "      <td>1</td>\n",
       "      <td>0</td>\n",
       "    </tr>\n",
       "    <tr>\n",
       "      <th>248</th>\n",
       "      <td>0</td>\n",
       "      <td>1</td>\n",
       "      <td>0</td>\n",
       "      <td>0</td>\n",
       "      <td>1</td>\n",
       "      <td>0</td>\n",
       "      <td>0</td>\n",
       "      <td>1</td>\n",
       "      <td>0</td>\n",
       "      <td>0</td>\n",
       "      <td>1</td>\n",
       "      <td>0</td>\n",
       "      <td>0</td>\n",
       "      <td>1</td>\n",
       "      <td>0</td>\n",
       "      <td>0</td>\n",
       "      <td>1</td>\n",
       "      <td>0</td>\n",
       "    </tr>\n",
       "  </tbody>\n",
       "</table>\n",
       "</div>"
      ],
      "text/plain": [
       "     IR_A  IR_N  IR_P  MR_A  MR_N  MR_P  FF_A  FF_N  FF_P  CRED_A  CRED_N  \\\n",
       "53      1     0     0     0     1     0     1     0     0       1       0   \n",
       "113     1     0     0     1     0     0     0     0     1       0       0   \n",
       "165     0     0     1     0     1     0     0     1     0       0       1   \n",
       "169     1     0     0     1     0     0     0     1     0       0       1   \n",
       "248     0     1     0     0     1     0     0     1     0       0       1   \n",
       "\n",
       "     CRED_P  COMP_A  COMP_N  COMP_P  OR_A  OR_N  OR_P  \n",
       "53        0       0       0       1     1     0     0  \n",
       "113       1       0       0       1     1     0     0  \n",
       "165       0       0       1       0     0     1     0  \n",
       "169       0       0       1       0     0     1     0  \n",
       "248       0       0       1       0     0     1     0  "
      ]
     },
     "execution_count": 28,
     "metadata": {},
     "output_type": "execute_result"
    }
   ],
   "source": [
    "X_test.head()"
   ]
  },
  {
   "cell_type": "code",
   "execution_count": 29,
   "metadata": {},
   "outputs": [
    {
     "name": "stdout",
     "output_type": "stream",
     "text": [
      "Covariance Matrix \n",
      "%s [[ 0.21105528 -0.11155779 -0.09949749  0.04723618 -0.05879397  0.01155779\n",
      "  -0.00150754  0.01055276 -0.00904523 -0.0040201  -0.01809045  0.02211055\n",
      "   0.01256281 -0.01809045  0.00552764  0.04120603 -0.03316583 -0.0080402 ]\n",
      " [-0.11155779  0.23427136 -0.12271357 -0.06150754  0.09231156 -0.03080402\n",
      "  -0.01291457  0.02306533 -0.01015075  0.00291457  0.0118593  -0.01477387\n",
      "  -0.02839196  0.06361809 -0.03522613 -0.01015075  0.03497487 -0.02482412]\n",
      " [-0.09949749 -0.12271357  0.22221106  0.01427136 -0.03351759  0.01924623\n",
      "   0.01442211 -0.03361809  0.01919598  0.00110553  0.00623116 -0.00733668\n",
      "   0.01582915 -0.04552764  0.02969849 -0.03105528 -0.00180905  0.03286432]\n",
      " [ 0.04723618 -0.06150754  0.01427136  0.19336683 -0.12934673 -0.0640201\n",
      "   0.01075377 -0.02603015  0.01527638  0.00422111 -0.00864322  0.00442211\n",
      "  -0.01356784 -0.02673367  0.04030151  0.04040201 -0.02472362 -0.01567839]\n",
      " [-0.05879397  0.09231156 -0.03351759 -0.12934673  0.25123116 -0.12188442\n",
      "  -0.0411809   0.07520101 -0.0340201  -0.02849246  0.0721608  -0.04366834\n",
      "  -0.01645729  0.08246231 -0.06600503  0.0061809   0.02241206 -0.02859296]\n",
      " [ 0.01155779 -0.03080402  0.01924623 -0.0640201  -0.12188442  0.18590452\n",
      "   0.03042714 -0.04917085  0.01874372  0.02427136 -0.06351759  0.03924623\n",
      "   0.03002513 -0.05572864  0.02570352 -0.04658291  0.00231156  0.04427136]\n",
      " [-0.00150754 -0.01291457  0.01442211  0.01075377 -0.0411809   0.03042714\n",
      "   0.2130402  -0.14253769 -0.07050251  0.03954774 -0.08522613  0.04567839\n",
      "   0.06670854 -0.10557789  0.03886935 -0.01522613 -0.01035176  0.02557789]\n",
      " [ 0.01055276  0.02306533 -0.03361809 -0.02603015  0.07520101 -0.04917085\n",
      "  -0.14253769  0.25002513 -0.10748744 -0.06376884  0.15839196 -0.09462312\n",
      "  -0.06997487  0.19532663 -0.12535176  0.0181407   0.0161809  -0.03432161]\n",
      " [-0.00904523 -0.01015075  0.01919598  0.01527638 -0.0340201   0.01874372\n",
      "  -0.07050251 -0.10748744  0.17798995  0.02422111 -0.07316583  0.04894472\n",
      "   0.00326633 -0.08974874  0.08648241 -0.00291457 -0.00582915  0.00874372]\n",
      " [-0.0040201   0.00291457  0.00110553  0.00422111 -0.02849246  0.02427136\n",
      "   0.03954774 -0.06376884  0.02422111  0.22221106 -0.11939698 -0.10281407\n",
      "   0.02085427 -0.05557789  0.03472362  0.0041206  -0.00683417  0.00271357]\n",
      " [-0.01809045  0.0118593   0.00623116 -0.00864322  0.0721608  -0.06351759\n",
      "  -0.08522613  0.15839196 -0.07316583 -0.11939698  0.23155779 -0.1121608\n",
      "  -0.05628141  0.17326633 -0.11698492  0.00221106  0.04964824 -0.0518593 ]\n",
      " [ 0.02211055 -0.01477387 -0.00733668  0.00442211 -0.04366834  0.03924623\n",
      "   0.04567839 -0.09462312  0.04894472 -0.10281407 -0.1121608   0.21497487\n",
      "   0.03542714 -0.11768844  0.08226131 -0.00633166 -0.04281407  0.04914573]\n",
      " [ 0.01256281 -0.02839196  0.01582915 -0.01356784 -0.01645729  0.03002513\n",
      "   0.06670854 -0.06997487  0.00326633  0.02085427 -0.05628141  0.03542714\n",
      "   0.17525126 -0.09271357 -0.08253769  0.00326633 -0.03869347  0.03542714]\n",
      " [-0.01809045  0.06361809 -0.04552764 -0.02673367  0.08246231 -0.05572864\n",
      "  -0.10557789  0.19532663 -0.08974874 -0.05557789  0.17326633 -0.11768844\n",
      "  -0.09271357  0.24311558 -0.15040201 -0.00934673  0.05668342 -0.04733668]\n",
      " [ 0.00552764 -0.03522613  0.02969849  0.04030151 -0.06600503  0.02570352\n",
      "   0.03886935 -0.12535176  0.08648241  0.03472362 -0.11698492  0.08226131\n",
      "  -0.08253769 -0.15040201  0.2329397   0.0060804  -0.01798995  0.01190955]\n",
      " [ 0.04120603 -0.01015075 -0.03105528  0.04040201  0.0061809  -0.04658291\n",
      "  -0.01522613  0.0181407  -0.00291457  0.0041206   0.00221106 -0.00633166\n",
      "   0.00326633 -0.00934673  0.0060804   0.17798995 -0.10633166 -0.07165829]\n",
      " [-0.03316583  0.03497487 -0.00180905 -0.02472362  0.02241206  0.00231156\n",
      "  -0.01035176  0.0161809  -0.00582915 -0.00683417  0.04964824 -0.04281407\n",
      "  -0.03869347  0.05668342 -0.01798995 -0.10633166  0.24964824 -0.14331658]\n",
      " [-0.0080402  -0.02482412  0.03286432 -0.01567839 -0.02859296  0.04427136\n",
      "   0.02557789 -0.03432161  0.00874372  0.00271357 -0.0518593   0.04914573\n",
      "   0.03542714 -0.04733668  0.01190955 -0.07165829 -0.14331658  0.21497487]]\n"
     ]
    }
   ],
   "source": [
    "cov_matrix = np.cov(X_train.T)\n",
    "\n",
    "print('Covariance Matrix \\n%s', cov_matrix)"
   ]
  },
  {
   "cell_type": "code",
   "execution_count": 30,
   "metadata": {},
   "outputs": [
    {
     "name": "stdout",
     "output_type": "stream",
     "text": [
      "Eigen Vectors \n",
      "%s [[-0.06178382 -0.43743773 -0.03594451  0.25633977 -0.1726113  -0.33733293\n",
      "   0.12911866  0.24329578 -0.33558963 -0.23833851 -0.11876014 -0.03890143\n",
      "   0.05777129 -0.02739146 -0.48833547 -0.14112277 -0.08646767  0.05319087]\n",
      " [ 0.16161012  0.48616191 -0.11778177  0.31957158  0.02950768 -0.03878461\n",
      "   0.13089072 -0.32593541  0.36218438  0.08204333 -0.03856262  0.15185509\n",
      "   0.05777129 -0.02739146 -0.48833547 -0.14112277 -0.08646767  0.05319087]\n",
      " [-0.0998263  -0.04872417  0.15372628 -0.57591135  0.14310362  0.37611754\n",
      "  -0.26000938  0.08263963 -0.02659475  0.15629518  0.15732276 -0.11295366\n",
